--------1--------
44.915874
-93.277618
-1.000000
--------2--------
44.915854
-93.262647
3.600000
--------3--------
44.915725
-93.262784
4.400000
--------4--------
44.915878
-93.262401
-1.000000
--------5--------
44.919791
-93.222755
2.800000
--------6--------
44.927129
-93.246943
5.000000
--------7--------
44.926610
-93.232303
3.800000
--------8--------
44.933848
-93.284515
4.200000
--------9--------
44.935056
-93.249845
-1.000000
--------10--------
44.935902
-93.224798
4.100000
--------11--------
44.934261
-93.230058
4.600000
--------12--------
44.941130
-93.283984
-1.000000
--------13--------
44.949366
-93.290489
3.400000
--------14--------
44.948444
-93.296800
2.300000
--------15--------
44.946020
-93.298681
-1.000000
--------16--------
44.948359
-93.303354
-1.000000
--------17--------
44.949361
-93.297640
-1.000000
--------18--------
44.948591
-93.288199
3.600000
--------19--------
44.949125
-93.288296
3.700000
--------20--------
44.948262
-93.287939
3.900000
--------21--------
44.948007
-93.288474
2.800000
--------22--------
44.948256
-93.232596
3.400000
--------23--------
44.947191
-93.233626
-1.000000
--------24--------
44.948065
-93.220150
3.800000
--------25--------
44.955454
-93.233266
3.700000
--------26--------
44.963375
-93.247147
3.600000
--------27--------
44.963868
-93.247155
2.800000
--------28--------
44.963473
-93.247163
4.800000
--------29--------
44.961932
-93.203654
-1.000000
--------30--------
44.963591
-93.198981
-1.000000
--------31--------
44.969627
-93.281667
4.400000
--------32--------
44.967491
-93.278764
4.400000
--------33--------
44.970663
-93.278237
-1.000000
--------34--------
44.968350
-93.277988
-1.000000
--------35--------
44.966757
-93.247116
3.900000
--------36--------
44.968684
-93.247061
4.200000
--------37--------
44.970169
-93.247474
3.400000
--------38--------
44.968793
-93.247514
4.000000
--------39--------
44.978643
-93.281859
2.900000
--------40--------
44.974259
-93.281323
4.100000
--------41--------
44.978266
-93.276081
4.200000
--------42--------
44.974104
-93.274527
4.100000
--------43--------
44.978506
-93.274441
-1.000000
--------44--------
44.978765
-93.276821
4.300000
--------45--------
44.976570
-93.276854
3.900000
--------46--------
44.978476
-93.274468
3.800000
--------47--------
44.977412
-93.274927
3.100000
--------48--------
44.976247
-93.277517
4.200000
--------49--------
44.976556
-93.276481
-1.000000
--------50--------
44.978997
-93.271895
-1.000000
--------51--------
44.977435
-93.275094
-1.000000
--------52--------
44.975408
-93.272203
-1.000000
--------53--------
44.978981
-93.264655
3.300000
--------54--------
44.978454
-93.260772
3.600000
--------55--------
44.978692
-93.267830
4.500000
--------56--------
44.975776
-93.269055
2.800000
--------57--------
44.977105
-93.263004
3.500000
--------58--------
44.976530
-93.268806
-1.000000
--------59--------
44.973381
-93.247824
4.100000
--------60--------
44.972756
-93.247733
-1.000000
--------61--------
44.973869
-93.226990
3.700000
