--------1--------
44.889566
-93.309364
-1.000000
--------2--------
44.906466
-93.288021
4.500000
--------3--------
44.893789
-93.268091
-1.000000
--------4--------
44.905099
-93.223036
-1.000000
--------5--------
44.912277
-93.290450
-1.000000
--------6--------
44.916431
-93.262641
3.800000
--------7--------
44.916555
-93.246953
3.400000
--------8--------
44.916751
-93.246943
-1.000000
--------9--------
44.916193
-93.212172
4.400000
--------10--------
44.916907
-93.214777
2.600000
--------11--------
44.917180
-93.213876
-1.000000
--------12--------
44.923655
-93.314674
4.800000
--------13--------
44.924740
-93.314899
-1.000000
--------14--------
44.934653
-93.262624
-1.000000
--------15--------
44.934246
-93.255884
5.000000
--------16--------
44.932592
-93.223066
-1.000000
--------17--------
44.941492
-93.288510
-1.000000
--------18--------
44.939836
-93.246974
-1.000000
--------19--------
44.943133
-93.230785
4.800000
--------20--------
44.948178
-93.290472
4.000000
--------21--------
44.947320
-93.298205
4.600000
--------22--------
44.948466
-93.290491
4.500000
--------23--------
44.948380
-93.297323
-1.000000
--------24--------
44.948326
-93.269502
-1.000000
--------25--------
44.948256
-93.268344
-1.000000
--------26--------
44.948479
-93.257054
-1.000000
--------27--------
44.948884
-93.252112
-1.000000
--------28--------
44.948287
-93.247304
-1.000000
--------29--------
44.949336
-93.236363
-1.000000
--------30--------
44.948500
-93.209952
2.500000
--------31--------
44.948467
-93.205786
-1.000000
--------32--------
44.952125
-93.297849
4.200000
--------33--------
44.957011
-93.296141
-1.000000
--------34--------
44.956479
-93.277962
4.000000
--------35--------
44.955928
-93.277895
-1.000000
--------36--------
44.962612
-93.292229
4.600000
--------37--------
44.959797
-93.294115
3.000000
--------38--------
44.958806
-93.294333
3.600000
--------39--------
44.962613
-93.277890
3.700000
--------40--------
44.964513
-93.272765
4.200000
--------41--------
44.962727
-93.254842
-1.000000
--------42--------
44.959633
-93.243881
-1.000000
--------43--------
44.962680
-93.239744
3.500000
--------44--------
44.962855
-93.237995
-1.000000
--------45--------
44.967930
-93.283684
4.500000
--------46--------
44.970306
-93.273338
-1.000000
--------47--------
44.970876
-93.278285
-1.000000
--------48--------
44.970194
-93.245123
4.500000
--------49--------
44.970926
-93.243699
-1.000000
--------50--------
44.969510
-93.247400
-1.000000
--------51--------
44.967304
-93.247157
-1.000000
--------52--------
44.967203
-93.206378
4.000000
--------53--------
44.969540
-93.195390
-1.000000
--------54--------
44.975424
-93.273926
4.600000
--------55--------
44.975887
-93.270641
-1.000000
--------56--------
44.973570
-93.276968
2.300000
--------57--------
44.976847
-93.272566
-1.000000
--------58--------
44.978797
-93.273870
-1.000000
--------59--------
44.976479
-93.274720
-1.000000
--------60--------
44.978554
-93.260999
3.800000
--------61--------
44.978454
-93.261042
4.200000
--------62--------
44.978233
-93.264701
-1.000000
--------63--------
44.978733
-93.239518
-1.000000
--------64--------
44.973933
-93.224836
-1.000000
--------65--------
44.973580
-93.227545
-1.000000
