--------1--------
44.905541
-93.288097
-1.000000
--------2--------
44.905207
-93.287959
-1.000000
--------3--------
44.905584
-93.288504
4.700000
--------4--------
44.903922
-93.278372
4.100000
--------5--------
44.903626
-93.278065
4.500000
--------6--------
44.904336
-93.278582
-1.000000
--------7--------
44.903975
-93.278064
-1.000000
--------8--------
44.903641
-93.277715
4.200000
--------9--------
44.901061
-93.275560
-1.000000
--------10--------
44.905329
-93.263106
-1.000000
--------11--------
44.898730
-93.263977
-1.000000
--------12--------
44.901220
-93.262459
3.600000
--------13--------
44.900876
-93.262331
-1.000000
--------14--------
44.905367
-93.262886
-1.000000
--------15--------
44.901036
-93.262700
-1.000000
--------16--------
44.900797
-93.247917
4.200000
--------17--------
44.903435
-93.222701
4.100000
--------18--------
44.901854
-93.223106
4.500000
--------19--------
44.905099
-93.223036
-1.000000
--------20--------
44.905071
-93.223034
-1.000000
--------21--------
44.898448
-93.222999
4.900000
--------22--------
44.905076
-93.223037
-1.000000
--------23--------
44.905269
-93.223301
-1.000000
--------24--------
44.906005
-93.288200
4.700000
--------25--------
44.906398
-93.288109
-1.000000
--------26--------
44.906466
-93.288021
4.500000
--------27--------
44.906136
-93.288546
-1.000000
--------28--------
44.907160
-93.272534
-1.000000
--------29--------
44.908731
-93.262244
-1.000000
--------30--------
44.908634
-93.252695
4.100000
--------31--------
44.907456
-93.236037
-1.000000
--------32--------
44.906948
-93.204715
-1.000000
--------33--------
44.907176
-93.204901
-1.000000
--------34--------
44.912268
-93.290113
3.300000
--------35--------
44.912277
-93.290450
-1.000000
--------36--------
44.910894
-93.273892
-1.000000
--------37--------
44.912722
-93.232448
4.200000
--------38--------
44.912326
-93.223655
4.400000
--------39--------
44.912409
-93.222741
4.400000
--------40--------
44.912410
-93.222770
2.100000
--------41--------
44.912147
-93.222741
4.300000
--------42--------
44.911388
-93.222464
3.400000
--------43--------
44.910542
-93.222538
-1.000000
--------44--------
44.912329
-93.210687
3.700000
--------45--------
44.913436
-93.292455
-1.000000
--------46--------
44.916298
-93.277955
-1.000000
--------47--------
44.916277
-93.277955
-1.000000
--------48--------
44.915874
-93.277618
-1.000000
--------49--------
44.916109
-93.263055
4.300000
--------50--------
44.916023
-93.263151
2.600000
--------51--------
44.915474
-93.262784
3.100000
--------52--------
44.916185
-93.262797
4.400000
--------53--------
44.915725
-93.262784
4.400000
--------54--------
44.916073
-93.262073
4.500000
--------55--------
44.916010
-93.262480
4.000000
--------56--------
44.916088
-93.262622
-1.000000
--------57--------
44.915552
-93.262602
-1.000000
--------58--------
44.915645
-93.262425
-1.000000
--------59--------
44.915984
-93.232211
4.400000
--------60--------
44.916193
-93.212172
4.400000
--------61--------
44.916088
-93.211129
4.100000
--------62--------
44.919554
-93.290421
4.200000
--------63--------
44.919386
-93.291232
-1.000000
--------64--------
44.919712
-93.284408
3.900000
--------65--------
44.919518
-93.284263
3.900000
--------66--------
44.919756
-93.284807
4.800000
--------67--------
44.919254
-93.277966
3.600000
--------68--------
44.919130
-93.278270
3.000000
--------69--------
44.918869
-93.277970
4.400000
--------70--------
44.919318
-93.278344
-1.000000
--------71--------
44.919763
-93.278136
-1.000000
--------72--------
44.916428
-93.277963
-1.000000
--------73--------
44.919449
-93.278342
-1.000000
--------74--------
44.919067
-93.278177
-1.000000
--------75--------
44.916376
-93.277954
-1.000000
--------76--------
44.916342
-93.262405
3.300000
--------77--------
44.916317
-93.262249
3.900000
--------78--------
44.916431
-93.262641
3.800000
--------79--------
44.919879
-93.252710
2.000000
--------80--------
44.919792
-93.252225
4.100000
--------81--------
44.917150
-93.247670
2.600000
--------82--------
44.916555
-93.246953
3.400000
--------83--------
44.916751
-93.246943
-1.000000
--------84--------
44.917022
-93.246941
-1.000000
--------85--------
44.917545
-93.247700
-1.000000
--------86--------
44.916528
-93.247728
-1.000000
--------87--------
44.917494
-93.247333
-1.000000
--------88--------
44.917494
-93.247332
-1.000000
--------89--------
44.917647
-93.247689
-1.000000
--------90--------
44.919791
-93.222755
2.800000
--------91--------
44.916907
-93.214777
2.600000
--------92--------
44.917607
-93.215813
3.000000
--------93--------
44.917180
-93.213876
-1.000000
--------94--------
44.918745
-93.217224
2.600000
--------95--------
44.918051
-93.216320
4.000000
--------96--------
44.919294
-93.217740
-1.000000
--------97--------
44.922688
-93.277917
-1.000000
--------98--------
44.922771
-93.278339
-1.000000
--------99--------
44.920319
-93.277544
3.500000
--------100--------
44.923034
-93.277537
-1.000000
--------101--------
44.919968
-93.277544
-1.000000
--------102--------
44.923444
-93.216545
4.200000
--------103--------
44.921721
-93.212522
4.200000
--------104--------
44.923934
-93.293122
-1.000000
--------105--------
44.924863
-93.291081
3.900000
--------106--------
44.926982
-93.284350
-1.000000
--------107--------
44.925204
-93.277810
4.400000
--------108--------
44.924885
-93.277536
3.300000
--------109--------
44.926554
-93.277484
4.700000
--------110--------
44.926394
-93.252106
4.500000
--------111--------
44.926822
-93.246618
3.900000
--------112--------
44.926781
-93.232314
4.900000
--------113--------
44.926527
-93.231881
4.400000
--------114--------
44.926700
-93.231598
-1.000000
--------115--------
44.926784
-93.226821
4.100000
--------116--------
44.930269
-93.287996
-1.000000
--------117--------
44.927129
-93.246943
5.000000
--------118--------
44.927177
-93.231257
-1.000000
--------119--------
44.928233
-93.223920
3.500000
--------120--------
44.930309
-93.221367
3.500000
--------121--------
44.934198
-93.284526
4.500000
--------122--------
44.933848
-93.284515
4.200000
--------123--------
44.933900
-93.284337
-1.000000
--------124--------
44.934060
-93.283854
-1.000000
--------125--------
44.934197
-93.278099
4.500000
--------126--------
44.930920
-93.262087
-1.000000
--------127--------
44.933925
-93.246847
4.900000
--------128--------
44.933920
-93.239231
-1.000000
--------129--------
44.934023
-93.237028
3.900000
--------130--------
44.933941
-93.237562
-1.000000
--------131--------
44.934125
-93.219272
4.400000
--------132--------
44.932592
-93.223066
-1.000000
--------133--------
44.932190
-93.221971
-1.000000
--------134--------
44.933997
-93.223240
-1.000000
--------135--------
44.931980
-93.222287
-1.000000
--------136--------
44.932282
-93.212924
-1.000000
--------137--------
44.937700
-93.289800
2.600000
--------138--------
44.937600
-93.290212
4.000000
--------139--------
44.937729
-93.290652
-1.000000
--------140--------
44.934395
-93.277917
-1.000000
--------141--------
44.934402
-93.277785
-1.000000
--------142--------
44.934682
-93.277512
-1.000000
--------143--------
44.936759
-93.276990
-1.000000
--------144--------
44.934337
-93.266997
-1.000000
--------145--------
44.934334
-93.262808
-1.000000
--------146--------
44.934237
-93.262306
5.000000
--------147--------
44.934653
-93.262624
-1.000000
--------148--------
44.934246
-93.255884
5.000000
--------149--------
44.936840
-93.254942
-1.000000
--------150--------
44.934233
-93.252286
4.100000
--------151--------
44.934313
-93.252264
-1.000000
--------152--------
44.934352
-93.246473
-1.000000
--------153--------
44.934483
-93.247736
-1.000000
--------154--------
44.934269
-93.236877
-1.000000
--------155--------
44.934255
-93.231394
4.100000
--------156--------
44.934261
-93.230058
4.600000
--------157--------
44.935902
-93.224798
4.100000
--------158--------
44.936344
-93.227642
-1.000000
--------159--------
44.935018
-93.227675
-1.000000
--------160--------
44.934433
-93.212535
4.000000
--------161--------
44.939480
-93.293525
-1.000000
--------162--------
44.939752
-93.288329
3.700000
--------163--------
44.941127
-93.288157
4.400000
--------164--------
44.937850
-93.288087
-1.000000
--------165--------
44.938046
-93.284343
4.400000
--------166--------
44.940306
-93.282536
-1.000000
--------167--------
44.941089
-93.278116
-1.000000
--------168--------
44.939592
-93.277828
-1.000000
--------169--------
44.939336
-93.277527
3.400000
--------170--------
44.937893
-93.262378
3.900000
--------171--------
44.941276
-93.262563
4.700000
--------172--------
44.939309
-93.262714
-1.000000
--------173--------
44.939872
-93.252817
4.700000
--------174--------
44.939636
-93.251910
-1.000000
--------175--------
44.938023
-93.246963
-1.000000
--------176--------
44.938012
-93.247745
-1.000000
--------177--------
44.939836
-93.246974
-1.000000
--------178--------
44.939375
-93.239143
3.800000
--------179--------
44.939415
-93.238766
-1.000000
--------180--------
44.938702
-93.231212
-1.000000
--------181--------
44.939643
-93.227695
-1.000000
--------182--------
44.939683
-93.227906
-1.000000
--------183--------
44.941334
-93.212350
-1.000000
--------184--------
44.941454
-93.298520
3.800000
--------185--------
44.944620
-93.288375
4.100000
--------186--------
44.943001
-93.290593
3.600000
--------187--------
44.941492
-93.288510
-1.000000
--------188--------
44.943042
-93.284184
-1.000000
--------189--------
44.941636
-93.278437
-1.000000
--------190--------
44.942701
-93.282370
-1.000000
--------191--------
44.943022
-93.270610
-1.000000
--------192--------
44.944579
-93.263013
-1.000000
--------193--------
44.943053
-93.262744
-1.000000
--------194--------
44.944829
-93.262451
-1.000000
--------195--------
44.944668
-93.247378
-1.000000
--------196--------
44.943133
-93.230785
4.800000
--------197--------
44.944336
-93.233118
-1.000000
--------198--------
44.948594
-93.298674
3.700000
--------199--------
44.947317
-93.297138
3.600000
--------200--------
44.948277
-93.297414
3.100000
--------201--------
44.948496
-93.297296
3.400000
--------202--------
44.948485
-93.302215
4.100000
--------203--------
44.948090
-93.298245
3.500000
--------204--------
44.948194
-93.298089
3.300000
--------205--------
44.946746
-93.298837
4.500000
--------206--------
44.947114
-93.298189
3.600000
--------207--------
44.947334
-93.297242
3.300000
--------208--------
44.948278
-93.302403
3.500000
--------209--------
44.948347
-93.294724
4.200000
--------210--------
44.947423
-93.298433
3.700000
--------211--------
44.947518
-93.298119
3.100000
--------212--------
44.947287
-93.298480
-1.000000
--------213--------
44.948378
-93.299575
3.800000
--------214--------
44.948444
-93.296800
2.300000
--------215--------
44.947420
-93.298122
2.400000
--------216--------
44.947320
-93.298205
4.600000
--------217--------
44.948437
-93.290148
4.100000
--------218--------
44.948591
-93.288199
3.600000
--------219--------
44.948450
-93.290145
4.000000
--------220--------
44.948262
-93.287939
3.900000
--------221--------
44.948147
-93.288372
3.300000
--------222--------
44.948429
-93.287182
4.200000
--------223--------
44.948276
-93.287318
3.700000
--------224--------
44.948038
-93.288265
4.000000
--------225--------
44.948424
-93.287511
4.300000
--------226--------
44.948460
-93.287852
4.100000
--------227--------
44.948178
-93.290472
4.000000
--------228--------
44.948274
-93.289203
-1.000000
--------229--------
44.948122
-93.279906
2.500000
--------230--------
44.948132
-93.282477
3.600000
--------231--------
44.948486
-93.283507
2.300000
--------232--------
44.947770
-93.270321
4.800000
--------233--------
44.948003
-93.273101
-1.000000
--------234--------
44.948243
-93.275530
4.500000
--------235--------
44.948180
-93.284140
3.400000
--------236--------
44.948217
-93.283925
-1.000000
--------237--------
44.948327
-93.269502
-1.000000
--------238--------
44.948403
-93.288191
2.500000
--------239--------
44.947955
-93.277950
-1.000000
--------240--------
44.948361
-93.269020
3.500000
--------241--------
44.948140
-93.277948
-1.000000
--------242--------
44.947009
-93.276798
3.000000
--------243--------
44.948136
-93.269913
-1.000000
--------244--------
44.948386
-93.275774
-1.000000
--------245--------
44.947467
-93.273996
-1.000000
--------246--------
44.947798
-93.269413
-1.000000
--------247--------
44.948525
-93.261038
4.800000
--------248--------
44.948508
-93.260756
4.400000
--------249--------
44.948506
-93.260740
4.100000
--------250--------
44.948268
-93.262373
4.100000
--------251--------
44.948508
-93.260757
-1.000000
--------252--------
44.948494
-93.261942
-1.000000
--------253--------
44.948350
-93.253131
4.600000
--------254--------
44.948293
-93.253141
-1.000000
--------255--------
44.948251
-93.253242
3.900000
--------256--------
44.948088
-93.251073
-1.000000
--------257--------
44.948334
-93.253039
4.800000
--------258--------
44.948251
-93.250251
-1.000000
--------259--------
44.948376
-93.242283
4.800000
--------260--------
44.948443
-93.241065
-1.000000
--------261--------
44.948452
-93.252390
-1.000000
--------262--------
44.948338
-93.250644
-1.000000
--------263--------
44.948279
-93.253610
-1.000000
--------264--------
44.948495
-93.252012
-1.000000
--------265--------
44.947700
-93.233585
4.200000
--------266--------
44.948239
-93.233382
4.300000
--------267--------
44.948136
-93.236415
-1.000000
--------268--------
44.948027
-93.233989
-1.000000
--------269--------
44.947957
-93.233046
4.400000
--------270--------
44.948256
-93.232596
3.400000
--------271--------
44.948484
-93.233022
2.300000
--------272--------
44.948248
-93.232491
4.200000
--------273--------
44.948242
-93.245006
-1.000000
--------274--------
44.948287
-93.247304
-1.000000
--------275--------
44.947763
-93.233046
-1.000000
--------276--------
44.948065
-93.220150
3.800000
--------277--------
44.948557
-93.220130
2.500000
--------278--------
44.948511
-93.221122
4.000000
--------279--------
44.947198
-93.221301
-1.000000
--------280--------
44.948493
-93.216671
4.200000
--------281--------
44.948368
-93.215264
3.900000
--------282--------
44.948581
-93.211248
4.500000
--------283--------
44.948500
-93.209952
2.500000
--------284--------
44.948294
-93.211335
3.600000
--------285--------
44.948567
-93.210603
-1.000000
--------286--------
44.948235
-93.220888
-1.000000
--------287--------
44.948589
-93.206075
3.400000
--------288--------
44.948469
-93.206275
4.000000
--------289--------
44.948467
-93.205786
-1.000000
--------290--------
44.951564
-93.298046
3.600000
--------291--------
44.949353
-93.296015
3.200000
--------292--------
44.949439
-93.298202
3.400000
--------293--------
44.950771
-93.297419
3.900000
--------294--------
44.952149
-93.298720
4.900000
--------295--------
44.949636
-93.287860
4.300000
--------296--------
44.950978
-93.288318
3.700000
--------297--------
44.949125
-93.288296
3.700000
--------298--------
44.949152
-93.287934
3.100000
--------299--------
44.950561
-93.287922
3.800000
--------300--------
44.949871
-93.288098
4.400000
--------301--------
44.949366
-93.290489
3.400000
--------302--------
44.950982
-93.277887
4.500000
--------303--------
44.949222
-93.287670
3.700000
--------304--------
44.948804
-93.270585
4.200000
--------305--------
44.949589
-93.262958
-1.000000
--------306--------
44.951155
-93.277770
-1.000000
--------307--------
44.948654
-93.280198
-1.000000
--------308--------
44.952090
-93.278112
-1.000000
--------309--------
44.949388
-93.279110
-1.000000
--------310--------
44.951850
-93.277524
4.000000
--------311--------
44.952050
-93.279857
-1.000000
--------312--------
44.949291
-93.261191
4.300000
--------313--------
44.949220
-93.262873
3.600000
--------314--------
44.949029
-93.240107
3.400000
--------315--------
44.949905
-93.256662
-1.000000
--------316--------
44.948658
-93.251715
3.500000
--------317--------
44.951475
-93.235750
3.000000
--------318--------
44.951787
-93.234483
2.600000
--------319--------
44.951878
-93.233339
3.300000
--------320--------
44.949062
-93.233640
1.300000
--------321--------
44.951677
-93.237392
-1.000000
--------322--------
44.951441
-93.234696
-1.000000
--------323--------
44.949526
-93.233049
2.300000
--------324--------
44.949849
-93.233027
3.100000
--------325--------
44.949982
-93.233027
-1.000000
--------326--------
44.952195
-93.231568
-1.000000
--------327--------
44.948824
-93.226688
-1.000000
--------328--------
44.955344
-93.277899
3.500000
--------329--------
44.952981
-93.277616
4.300000
--------330--------
44.955687
-93.277651
3.400000
--------331--------
44.952305
-93.277745
3.400000
--------332--------
44.954932
-93.288225
4.100000
--------333--------
44.955578
-93.277459
3.800000
--------334--------
44.954275
-93.278088
4.200000
--------335--------
44.955436
-93.277092
4.000000
--------336--------
44.953938
-93.277865
4.100000
--------337--------
44.949598
-93.262703
-1.000000
--------338--------
44.948548
-93.251361
-1.000000
--------339--------
44.948258
-93.254630
-1.000000
--------340--------
44.948462
-93.249689
-1.000000
--------341--------
44.952311
-93.236014
-1.000000
--------342--------
44.954955
-93.234519
-1.000000
--------343--------
44.953131
-93.234977
-1.000000
--------344--------
44.954392
-93.232820
5.000000
--------345--------
44.955454
-93.233266
3.700000
--------346--------
44.955733
-93.288355
4.100000
--------347--------
44.956326
-93.277748
3.400000
--------348--------
44.958763
-93.287696
4.400000
--------349--------
44.957343
-93.277852
3.200000
--------350--------
44.958209
-93.278121
4.100000
--------351--------
44.956305
-93.277733
4.000000
--------352--------
44.956088
-93.255851
-1.000000
--------353--------
44.958094
-93.242389
4.600000
--------354--------
44.959136
-93.243640
-1.000000
--------355--------
44.957563
-93.252329
-1.000000
--------356--------
44.957272
-93.223483
4.500000
--------357--------
44.957251
-93.228478
3.900000
--------358--------
44.953953
-93.297889
3.600000
--------359--------
44.957533
-93.295051
3.800000
--------360--------
44.955432
-93.296676
4.400000
--------361--------
44.956918
-93.295941
4.100000
--------362--------
44.958015
-93.295877
3.400000
--------363--------
44.954743
-93.297484
3.200000
--------364--------
44.960400
-93.293190
1.700000
--------365--------
44.951220
-93.298119
3.300000
--------366--------
44.952125
-93.297849
4.200000
--------367--------
44.948552
-93.301252
-1.000000
--------368--------
44.955293
-93.297273
3.700000
--------369--------
44.959797
-93.294115
3.000000
--------370--------
44.953079
-93.297832
3.700000
--------371--------
44.959285
-93.293777
3.800000
--------372--------
44.962612
-93.292229
4.600000
--------373--------
44.962840
-93.287815
3.500000
--------374--------
44.955872
-93.287864
3.800000
--------375--------
44.962613
-93.277890
3.700000
--------376--------
44.962839
-93.258423
3.500000
--------377--------
44.962632
-93.257768
3.900000
--------378--------
44.962265
-93.255353
4.400000
--------379--------
44.958087
-93.273110
-1.000000
--------380--------
44.962452
-93.242707
3.800000
--------381--------
44.959365
-93.242623
4.600000
--------382--------
44.962633
-93.241133
3.800000
--------383--------
44.962577
-93.240538
3.600000
--------384--------
44.962680
-93.239744
3.500000
--------385--------
44.962218
-93.256162
-1.000000
--------386--------
44.962744
-93.238246
-1.000000
--------387--------
44.959127
-93.241924
-1.000000
--------388--------
44.962691
-93.254155
-1.000000
--------389--------
44.962671
-93.237588
4.600000
--------390--------
44.962865
-93.233417
2.200000
--------391--------
44.949336
-93.236363
-1.000000
--------392--------
44.962794
-93.233263
3.600000
--------393--------
44.962598
-93.227103
3.800000
--------394--------
44.962656
-93.230283
4.700000
--------395--------
44.962673
-93.230269
5.000000
--------396--------
44.954816
-93.233545
-1.000000
--------397--------
44.948508
-93.229376
-1.000000
--------398--------
44.960719
-93.206151
-1.000000
--------399--------
44.956721
-93.295920
3.700000
--------400--------
44.960596
-93.293243
3.600000
--------401--------
44.957814
-93.294893
-1.000000
--------402--------
44.957601
-93.294986
-1.000000
--------403--------
44.959774
-93.293793
2.400000
--------404--------
44.960190
-93.293900
-1.000000
--------405--------
44.960237
-93.293574
-1.000000
--------406--------
44.959693
-93.288369
3.800000
--------407--------
44.961219
-93.288184
3.400000
--------408--------
44.953322
-93.278073
4.600000
--------409--------
44.962595
-93.278255
3.800000
--------410--------
44.956236
-93.278070
4.200000
--------411--------
44.956479
-93.277962
4.000000
--------412--------
44.964415
-93.277705
4.200000
--------413--------
44.963141
-93.262571
3.600000
--------414--------
44.962593
-93.271147
-1.000000
--------415--------
44.964513
-93.272765
4.200000
--------416--------
44.963188
-93.262684
3.400000
--------417--------
44.963211
-93.262682
4.800000
--------418--------
44.957085
-93.262960
-1.000000
--------419--------
44.962410
-93.273000
-1.000000
--------420--------
44.959712
-93.259914
-1.000000
--------421--------
44.963153
-93.262572
-1.000000
--------422--------
44.962727
-93.254842
-1.000000
--------423--------
44.963130
-93.262571
-1.000000
--------424--------
44.963265
-93.252467
-1.000000
--------425--------
44.962608
-93.259481
-1.000000
--------426--------
44.955382
-93.252623
-1.000000
--------427--------
44.963063
-93.244497
3.000000
--------428--------
44.959633
-93.243881
-1.000000
--------429--------
44.962987
-93.240445
3.700000
--------430--------
44.962967
-93.241844
3.000000
--------431--------
44.962951
-93.233387
4.200000
--------432--------
44.965589
-93.235884
3.300000
--------433--------
44.964853
-93.235908
-1.000000
--------434--------
44.964816
-93.235701
-1.000000
--------435--------
44.962855
-93.237995
-1.000000
--------436--------
44.963797
-93.232630
-1.000000
--------437--------
44.963421
-93.211694
3.800000
--------438--------
44.963388
-93.213118
-1.000000
--------439--------
44.965754
-93.204212
-1.000000
--------440--------
44.960296
-93.293424
2.400000
--------441--------
44.959287
-93.293779
-1.000000
--------442--------
44.958806
-93.294333
3.600000
--------443--------
44.957692
-93.295646
-1.000000
--------444--------
44.956117
-93.296911
3.900000
--------445--------
44.957564
-93.295107
-1.000000
--------446--------
44.962016
-93.291760
3.300000
--------447--------
44.967405
-93.287053
4.600000
--------448--------
44.968142
-93.277972
3.600000
--------449--------
44.969627
-93.281667
4.400000
--------450--------
44.968282
-93.278045
2.500000
--------451--------
44.967491
-93.278764
4.500000
--------452--------
44.968843
-93.277495
3.300000
--------453--------
44.967930
-93.283684
4.500000
--------454--------
44.969619
-93.279613
2.000000
--------455--------
44.969837
-93.279884
4.600000
--------456--------
44.969015
-93.263293
4.100000
--------457--------
44.970013
-93.266268
4.900000
--------458--------
44.967097
-93.278063
4.200000
--------459--------
44.955928
-93.277895
-1.000000
--------460--------
44.967009
-93.262958
-1.000000
--------461--------
44.968745
-93.257972
-1.000000
--------462--------
44.969602
-93.246278
4.000000
--------463--------
44.966757
-93.247116
3.900000
--------464--------
44.969557
-93.247444
4.800000
--------465--------
44.968684
-93.247061
4.200000
--------466--------
44.969646
-93.247466
4.300000
--------467--------
44.969595
-93.247460
4.500000
--------468--------
44.968793
-93.247514
4.100000
--------469--------
44.969569
-93.245998
3.700000
--------470--------
44.968065
-93.247185
-1.000000
--------471--------
44.969367
-93.247090
-1.000000
--------472--------
44.968152
-93.242726
3.300000
--------473--------
44.966998
-93.237021
-1.000000
--------474--------
44.962596
-93.238199
-1.000000
--------475--------
44.964847
-93.235305
-1.000000
--------476--------
44.962645
-93.236967
-1.000000
--------477--------
44.968675
-93.209813
3.700000
--------478--------
44.968696
-93.208620
2.800000
--------479--------
44.967203
-93.206378
4.000000
--------480--------
44.961569
-93.292733
3.500000
--------481--------
44.960812
-93.293259
-1.000000
--------482--------
44.960509
-93.293336
-1.000000
--------483--------
44.960942
-93.288528
4.700000
--------484--------
44.962649
-93.287749
2.600000
--------485--------
44.960589
-93.288438
-1.000000
--------486--------
44.961474
-93.288204
-1.000000
--------487--------
44.962301
-93.287603
-1.000000
--------488--------
44.963718
-93.291430
-1.000000
--------489--------
44.969128
-93.287898
-1.000000
--------490--------
44.963483
-93.287633
-1.000000
--------491--------
44.967737
-93.285458
-1.000000
