--------1--------
44.906005
-93.288200
4.700000
--------2--------
44.905584
-93.288504
4.700000
--------3--------
44.906466
-93.288021
4.500000
--------4--------
44.903922
-93.278372
4.100000
--------5--------
44.903641
-93.277715
4.200000
--------6--------
44.903626
-93.278065
4.500000
--------7--------
44.901061
-93.275560
-1.000000
--------8--------
44.903975
-93.278064
-1.000000
--------9--------
44.901220
-93.262459
3.600000
--------10--------
44.905367
-93.262886
-1.000000
--------11--------
44.901036
-93.262700
-1.000000
--------12--------
44.900797
-93.247917
4.200000
--------13--------
44.903435
-93.222701
4.100000
--------14--------
44.901854
-93.223106
4.500000
--------15--------
44.905071
-93.223034
-1.000000
--------16--------
44.898448
-93.222999
4.900000
--------17--------
44.905076
-93.223037
-1.000000
--------18--------
44.906948
-93.204715
-1.000000
--------19--------
44.907176
-93.204901
-1.000000
--------20--------
44.908731
-93.262244
-1.000000
--------21--------
44.908634
-93.252695
4.100000
--------22--------
44.912268
-93.290113
3.300000
--------23--------
44.912277
-93.290450
-1.000000
--------24--------
44.913436
-93.292455
-1.000000
--------25--------
44.912722
-93.232448
4.200000
--------26--------
44.912409
-93.222741
4.400000
--------27--------
44.912326
-93.223655
4.400000
--------28--------
44.912410
-93.222770
2.100000
--------29--------
44.912329
-93.210687
3.700000
--------30--------
44.916428
-93.277963
-1.000000
--------31--------
44.916376
-93.277954
-1.000000
--------32--------
44.915874
-93.277618
-1.000000
--------33--------
44.915474
-93.262784
3.100000
--------34--------
44.916342
-93.262405
3.300000
--------35--------
44.916109
-93.263055
4.300000
--------36--------
44.915725
-93.262784
4.400000
--------37--------
44.916588
-93.262593
3.900000
--------38--------
44.916073
-93.262073
4.500000
--------39--------
44.916431
-93.262641
3.800000
--------40--------
44.916010
-93.262480
4.000000
--------41--------
44.916023
-93.263151
2.600000
--------42--------
44.915552
-93.262602
-1.000000
--------43--------
44.915645
-93.262425
-1.000000
--------44--------
44.917150
-93.247670
2.600000
--------45--------
44.916555
-93.246953
3.400000
--------46--------
44.916751
-93.246943
-1.000000
--------47--------
44.917494
-93.247333
-1.000000
--------48--------
44.917494
-93.247332
-1.000000
--------49--------
44.918051
-93.216320
4.000000
--------50--------
44.916193
-93.212172
4.400000
--------51--------
44.916088
-93.211129
4.100000
--------52--------
44.916907
-93.214777
2.600000
--------53--------
44.917607
-93.215813
3.000000
--------54--------
44.917180
-93.213876
-1.000000
--------55--------
44.919554
-93.290421
4.200000
--------56--------
44.919712
-93.284408
3.900000
--------57--------
44.919518
-93.284263
3.900000
--------58--------
44.920319
-93.277544
3.500000
--------59--------
44.919254
-93.277966
3.600000
--------60--------
44.919130
-93.278270
3.000000
--------61--------
44.918869
-93.277970
4.400000
--------62--------
44.919318
-93.278344
-1.000000
--------63--------
44.919449
-93.278342
-1.000000
--------64--------
44.919067
-93.278177
-1.000000
--------65--------
44.919879
-93.252710
2.000000
--------66--------
44.919792
-93.252225
4.100000
--------67--------
44.919791
-93.222755
2.800000
--------68--------
44.918745
-93.217224
2.600000
--------69--------
44.924863
-93.291081
3.900000
--------70--------
44.924885
-93.277536
3.300000
--------71--------
44.925204
-93.277810
4.400000
--------72--------
44.922688
-93.277917
-1.000000
--------73--------
44.923444
-93.216545
4.200000
--------74--------
44.921721
-93.212522
4.200000
--------75--------
44.926554
-93.277484
4.700000
--------76--------
44.926394
-93.252106
4.500000
--------77--------
44.926822
-93.246618
3.900000
--------78--------
44.927129
-93.246943
5.000000
--------79--------
44.926527
-93.231881
4.400000
--------80--------
44.926784
-93.226821
4.100000
--------81--------
44.928233
-93.223920
3.500000
--------82--------
44.930920
-93.262087
-1.000000
--------83--------
44.930309
-93.221367
3.500000
--------84--------
44.934198
-93.284526
4.500000
--------85--------
44.933848
-93.284515
4.200000
--------86--------
44.934060
-93.283854
-1.000000
--------87--------
44.934197
-93.278099
4.500000
--------88--------
44.934246
-93.255884
5.000000
--------89--------
44.934233
-93.252286
4.100000
--------90--------
44.934023
-93.237028
3.900000
--------91--------
44.934255
-93.231394
4.100000
--------92--------
44.934261
-93.230058
4.600000
--------93--------
44.935018
-93.227675
-1.000000
--------94--------
44.935902
-93.224798
4.100000
--------95--------
44.934125
-93.219272
4.400000
--------96--------
44.934433
-93.212535
4.000000
--------97--------
44.937600
-93.290212
4.000000
--------98--------
44.937700
-93.289800
2.600000
--------99--------
44.939336
-93.277527
3.600000
--------100--------
44.936759
-93.276990
-1.000000
--------101--------
44.937893
-93.262378
3.900000
--------102--------
44.936840
-93.254942
-1.000000
--------103--------
44.939375
-93.239143
3.800000
--------104--------
44.938702
-93.231212
-1.000000
--------105--------
44.936344
-93.227642
-1.000000
--------106--------
44.941454
-93.298520
3.800000
--------107--------
44.939752
-93.288329
3.700000
--------108--------
44.941127
-93.288157
4.400000
--------109--------
44.940306
-93.282536
-1.000000
--------110--------
44.942701
-93.282370
-1.000000
--------111--------
44.941636
-93.278437
-1.000000
--------112--------
44.941089
-93.278116
-1.000000
--------113--------
44.941276
-93.262563
4.700000
--------114--------
44.939872
-93.252817
4.700000
--------115--------
44.939836
-93.246974
-1.000000
--------116--------
44.943133
-93.230785
4.800000
--------117--------
44.946746
-93.298837
4.500000
--------118--------
44.946700
-93.298717
-1.000000
--------119--------
44.946020
-93.298681
-1.000000
--------120--------
44.944620
-93.288375
4.100000
--------121--------
44.944579
-93.263013
-1.000000
--------122--------
44.944668
-93.247378
-1.000000
--------123--------
44.944336
-93.233118
-1.000000
--------124--------
44.948594
-93.298674
3.700000
--------125--------
44.948437
-93.290148
4.100000
--------126--------
44.947317
-93.297138
3.600000
--------127--------
44.948277
-93.297414
3.100000
--------128--------
44.948496
-93.297296
3.400000
--------129--------
44.948485
-93.302215
4.100000
--------130--------
44.948090
-93.298245
3.500000
--------131--------
44.948194
-93.298089
3.300000
--------132--------
44.947334
-93.297242
3.300000
--------133--------
44.948450
-93.290145
4.000000
--------134--------
44.949353
-93.296015
3.200000
--------135--------
44.948278
-93.302403
3.500000
--------136--------
44.949439
-93.298202
3.400000
--------137--------
44.948347
-93.294724
4.200000
--------138--------
44.947423
-93.298433
3.700000
--------139--------
44.947518
-93.298119
3.100000
--------140--------
44.949366
-93.290489
3.400000
--------141--------
44.949636
-93.287860
4.300000
--------142--------
44.948591
-93.288199
3.600000
--------143--------
44.948429
-93.287182
4.200000
--------144--------
44.949125
-93.288296
3.700000
--------145--------
44.948262
-93.287939
3.900000
--------146--------
44.948147
-93.288372
3.300000
--------147--------
44.949152
-93.287934
3.100000
--------148--------
44.948276
-93.287318
3.700000
--------149--------
44.949871
-93.288098
4.400000
--------150--------
44.948424
-93.287511
4.300000
--------151--------
44.948460
-93.287852
4.100000
--------152--------
44.949291
-93.261191
4.300000
--------153--------
44.948525
-93.261038
4.800000
--------154--------
44.949589
-93.262958
-1.000000
--------155--------
44.948508
-93.260756
4.400000
--------156--------
44.948122
-93.279906
2.500000
--------157--------
44.948804
-93.270585
4.200000
--------158--------
44.948132
-93.282477
3.600000
--------159--------
44.948268
-93.262373
4.100000
--------160--------
44.948486
-93.283507
2.300000
--------161--------
44.947770
-93.270321
4.800000
--------162--------
44.948003
-93.273101
-1.000000
--------163--------
44.948243
-93.275530
4.500000
--------164--------
44.949220
-93.262873
3.600000
--------165--------
44.948508
-93.260757
-1.000000
--------166--------
44.948654
-93.280198
-1.000000
--------167--------
44.948088
-93.251073
-1.000000
--------168--------
44.948350
-93.253131
4.600000
--------169--------
44.948334
-93.253039
4.800000
--------170--------
44.948251
-93.250251
-1.000000
--------171--------
44.948293
-93.253141
-1.000000
--------172--------
44.949029
-93.240107
3.400000
--------173--------
44.948136
-93.236415
-1.000000
--------174--------
44.947700
-93.233585
4.200000
--------175--------
44.947957
-93.233046
4.400000
--------176--------
44.948239
-93.233382
4.300000
--------177--------
44.948256
-93.232596
3.400000
--------178--------
44.948484
-93.233022
2.300000
--------179--------
44.949849
-93.233027
3.100000
--------180--------
44.949062
-93.233640
1.300000
--------181--------
44.948248
-93.232491
4.200000
--------182--------
44.949982
-93.233027
-1.000000
--------183--------
44.948027
-93.233989
-1.000000
--------184--------
44.948511
-93.221122
4.000000
--------185--------
44.948065
-93.220150
3.800000
--------186--------
44.948493
-93.216671
4.200000
--------187--------
44.948557
-93.220130
2.500000
--------188--------
44.948581
-93.211248
4.500000
--------189--------
44.948368
-93.215264
3.900000
--------190--------
44.948500
-93.209952
2.500000
--------191--------
44.948469
-93.206275
4.000000
--------192--------
44.948294
-93.211335
3.600000
--------193--------
44.947198
-93.221301
-1.000000
--------194--------
44.948508
-93.229376
-1.000000
--------195--------
44.948589
-93.206075
3.400000
--------196--------
44.948235
-93.220888
-1.000000
--------197--------
44.950771
-93.297419
3.900000
--------198--------
44.952149
-93.298720
4.900000
--------199--------
44.950978
-93.288318
3.700000
--------200--------
44.952305
-93.277745
3.400000
--------201--------
44.950561
-93.287922
3.800000
--------202--------
44.950982
-93.277887
4.500000
--------203--------
44.953938
-93.277865
4.100000
--------204--------
44.951155
-93.277770
-1.000000
--------205--------
44.948327
-93.269502
-1.000000
--------206--------
44.949598
-93.262703
-1.000000
--------207--------
44.951475
-93.235750
3.000000
--------208--------
44.951677
-93.237392
-1.000000
--------209--------
44.948251
-93.253242
3.900000
--------210--------
44.951787
-93.234483
2.600000
--------211--------
44.951878
-93.233339
3.300000
--------212--------
44.951441
-93.234696
-1.000000
--------213--------
44.948824
-93.226688
-1.000000
--------214--------
44.955344
-93.277899
3.500000
--------215--------
44.955687
-93.277651
3.400000
--------216--------
44.954932
-93.288225
4.100000
--------217--------
44.955733
-93.288355
4.100000
--------218--------
44.956326
-93.277748
3.400000
--------219--------
44.955578
-93.277459
3.800000
--------220--------
44.954275
-93.278088
4.200000
--------221--------
44.956305
-93.277733
4.000000
--------222--------
44.955436
-93.277092
4.000000
--------223--------
44.956088
-93.255851
-1.000000
--------224--------
44.954392
-93.232820
5.000000
--------225--------
44.955454
-93.233266
3.700000
--------226--------
44.957272
-93.223483
4.500000
--------227--------
44.958209
-93.278121
4.100000
--------228--------
44.959365
-93.242623
4.600000
--------229--------
44.960719
-93.206151
-1.000000
--------230--------
44.962612
-93.292229
4.600000
--------231--------
44.962613
-93.277890
3.700000
--------232--------
44.962632
-93.257768
3.900000
--------233--------
44.962452
-93.242707
3.800000
--------234--------
44.962633
-93.241133
3.800000
--------235--------
44.963063
-93.244497
3.000000
--------236--------
44.962987
-93.240445
3.700000
--------237--------
44.962671
-93.237588
4.600000
--------238--------
44.962577
-93.240538
3.600000
--------239--------
44.962680
-93.239744
3.500000
--------240--------
44.962794
-93.233263
3.600000
--------241--------
44.963421
-93.211694
3.800000
--------242--------
44.962598
-93.227103
3.800000
--------243--------
44.963797
-93.232630
-1.000000
--------244--------
44.957533
-93.295051
3.800000
--------245--------
44.955432
-93.296676
4.400000
--------246--------
44.956918
-93.295941
4.100000
--------247--------
44.954743
-93.297484
3.200000
--------248--------
44.960400
-93.293190
1.700000
--------249--------
44.951220
-93.298119
3.300000
--------250--------
44.952125
-93.297849
4.200000
--------251--------
44.955293
-93.297273
3.700000
--------252--------
44.959797
-93.294115
3.000000
--------253--------
44.959285
-93.293777
3.800000
--------254--------
44.956721
-93.295920
3.700000
--------255--------
44.960596
-93.293243
3.600000
--------256--------
44.957814
-93.294893
-1.000000
--------257--------
44.952083
-93.298142
4.100000
--------258--------
44.962016
-93.291760
3.400000
--------259--------
44.959774
-93.293793
2.400000
--------260--------
44.960190
-93.293900
-1.000000
--------261--------
44.967405
-93.287053
4.600000
--------262--------
44.958763
-93.287696
4.400000
--------263--------
44.962840
-93.287815
3.500000
--------264--------
44.955872
-93.287864
3.800000
--------265--------
44.959693
-93.288369
3.800000
--------266--------
44.968142
-93.277972
3.600000
--------267--------
44.968282
-93.278045
2.500000
--------268--------
44.967491
-93.278764
4.400000
--------269--------
44.967930
-93.283684
4.500000
--------270--------
44.952090
-93.278112
-1.000000
--------271--------
44.963141
-93.262571
3.600000
--------272--------
44.958087
-93.273110
-1.000000
--------273--------
44.962593
-93.271147
-1.000000
--------274--------
44.963188
-93.262684
3.400000
--------275--------
44.963211
-93.262682
4.800000
--------276--------
44.963265
-93.252467
-1.000000
--------277--------
44.959712
-93.259914
-1.000000
--------278--------
44.962480
-93.274372
-1.000000
--------279--------
44.963153
-93.262572
-1.000000
--------280--------
44.956826
-93.252295
-1.000000
--------281--------
44.962596
-93.274381
-1.000000
--------282--------
44.952713
-93.267725
-1.000000
--------283--------
44.966757
-93.247116
3.900000
--------284--------
44.968065
-93.247185
-1.000000
--------285--------
44.967560
-93.246810
-1.000000
--------286--------
44.968152
-93.242726
3.300000
--------287--------
44.959127
-93.241924
-1.000000
--------288--------
44.965589
-93.235884
3.300000
--------289--------
44.964816
-93.235701
-1.000000
--------290--------
44.962855
-93.237995
-1.000000
--------291--------
44.962865
-93.233417
2.200000
--------292--------
44.967203
-93.206378
4.000000
--------293--------
44.960296
-93.293424
2.400000
--------294--------
44.960237
-93.293574
-1.000000
--------295--------
44.955669
-93.297002
4.000000
--------296--------
44.959287
-93.293779
-1.000000
--------297--------
44.969627
-93.281667
4.400000
--------298--------
44.968843
-93.277495
3.300000
--------299--------
44.969015
-93.263293
4.100000
--------300--------
44.970013
-93.266268
4.900000
--------301--------
44.968745
-93.257972
-1.000000
--------302--------
44.969602
-93.246278
4.000000
--------303--------
44.969557
-93.247444
4.800000
--------304--------
44.968684
-93.247061
4.200000
--------305--------
44.969646
-93.247466
4.300000
--------306--------
44.969595
-93.247460
4.500000
--------307--------
44.968793
-93.247514
4.000000
--------308--------
44.969569
-93.245998
3.700000
--------309--------
44.965809
-93.240064
-1.000000
--------310--------
44.962772
-93.240539
-1.000000
--------311--------
44.968675
-93.209813
3.700000
--------312--------
44.957564
-93.295107
-1.000000
--------313--------
44.961569
-93.292733
3.500000
--------314--------
44.960812
-93.293259
-1.000000
--------315--------
44.961219
-93.288184
3.400000
--------316--------
44.963718
-93.291430
-1.000000
--------317--------
44.962541
-93.291555
-1.000000
--------318--------
44.962649
-93.287749
2.600000
--------319--------
44.961474
-93.288204
-1.000000
--------320--------
44.969128
-93.287898
-1.000000
