--------1--------
44.905541
-93.288097
-1.000000
--------2--------
44.904741
-93.287872
-1.000000
--------3--------
44.899380
-93.291755
-1.000000
--------4--------
44.899801
-93.287364
-1.000000
--------5--------
44.903537
-93.278241
-1.000000
--------6--------
44.903869
-93.278517
-1.000000
--------7--------
44.903680
-93.278229
-1.000000
--------8--------
44.904336
-93.278582
-1.000000
--------9--------
44.904487
-93.277941
-1.000000
--------10--------
44.904604
-93.278055
-1.000000
--------11--------
44.903816
-93.278163
-1.000000
--------12--------
44.904206
-93.277758
5.000000
--------13--------
44.901061
-93.275560
-1.000000
--------14--------
44.905329
-93.263106
-1.000000
--------15--------
44.905499
-93.263029
-1.000000
--------16--------
44.898867
-93.280267
-1.000000
--------17--------
44.900876
-93.262331
-1.000000
--------18--------
44.898730
-93.263977
-1.000000
--------19--------
44.903415
-93.275896
-1.000000
--------20--------
44.903722
-93.278111
-1.000000
--------21--------
44.902219
-93.272048
-1.000000
--------22--------
44.903083
-93.239930
-1.000000
--------23--------
44.903043
-93.233224
-1.000000
--------24--------
44.903044
-93.233224
-1.000000
--------25--------
44.905543
-93.223010
-1.000000
--------26--------
44.901082
-93.222568
-1.000000
--------27--------
44.905092
-93.222589
-1.000000
--------28--------
44.904733
-93.222577
-1.000000
--------29--------
44.905269
-93.223301
-1.000000
--------30--------
44.905354
-93.212248
-1.000000
--------31--------
44.906545
-93.288560
3.900000
--------32--------
44.906398
-93.288109
-1.000000
--------33--------
44.906136
-93.288546
-1.000000
--------34--------
44.906135
-93.288545
-1.000000
--------35--------
44.908849
-93.277603
-1.000000
--------36--------
44.906987
-93.271762
-1.000000
--------37--------
44.904223
-93.280993
-1.000000
--------38--------
44.908540
-93.261002
-1.000000
--------39--------
44.908731
-93.262244
-1.000000
--------40--------
44.907681
-93.271165
-1.000000
--------41--------
44.906637
-93.253945
-1.000000
--------42--------
44.907160
-93.272534
-1.000000
--------43--------
44.908738
-93.252840
-1.000000
--------44--------
44.907456
-93.236037
-1.000000
--------45--------
44.909088
-93.222771
4.000000
--------46--------
44.906285
-93.215596
-1.000000
--------47--------
44.905625
-93.215603
-1.000000
--------48--------
44.909155
-93.212290
-1.000000
--------49--------
44.908639
-93.205430
-1.000000
--------50--------
44.907502
-93.204854
-1.000000
--------51--------
44.912369
-93.290467
-1.000000
--------52--------
44.912310
-93.290457
4.600000
--------53--------
44.912489
-93.290643
-1.000000
--------54--------
44.910894
-93.273892
-1.000000
--------55--------
44.910903
-93.269148
-1.000000
--------56--------
44.912569
-93.233279
-1.000000
--------57--------
44.912569
-93.233299
-1.000000
--------58--------
44.912061
-93.223138
4.200000
--------59--------
44.912147
-93.222741
4.300000
--------60--------
44.911388
-93.222464
3.400000
--------61--------
44.910542
-93.222538
-1.000000
--------62--------
44.912298
-93.215388
-1.000000
--------63--------
44.911801
-93.213533
-1.000000
--------64--------
44.909201
-93.205772
-1.000000
--------65--------
44.916144
-93.284444
-1.000000
--------66--------
44.916161
-93.284445
-1.000000
--------67--------
44.916298
-93.277955
-1.000000
--------68--------
44.916277
-93.277955
-1.000000
--------69--------
44.915874
-93.277618
-1.000000
--------70--------
44.916087
-93.270236
-1.000000
--------71--------
44.913775
-93.268166
-1.000000
--------72--------
44.915974
-93.263237
2.500000
--------73--------
44.915974
-93.267320
-1.000000
--------74--------
44.915246
-93.263033
-1.000000
--------75--------
44.916185
-93.262797
4.400000
--------76--------
44.916171
-93.262465
-1.000000
--------77--------
44.916088
-93.262622
-1.000000
--------78--------
44.916023
-93.262784
3.800000
--------79--------
44.915645
-93.262425
-1.000000
--------80--------
44.916053
-93.262030
-1.000000
--------81--------
44.915548
-93.264261
-1.000000
--------82--------
44.915984
-93.232211
4.400000
--------83--------
44.913540
-93.224671
-1.000000
--------84--------
44.912813
-93.223031
4.800000
--------85--------
44.913590
-93.219410
-1.000000
--------86--------
44.914638
-93.222611
-1.000000
--------87--------
44.919553
-93.291146
-1.000000
--------88--------
44.919732
-93.290842
-1.000000
--------89--------
44.919284
-93.291043
-1.000000
--------90--------
44.919386
-93.291232
-1.000000
--------91--------
44.919756
-93.284807
4.800000
--------92--------
44.919567
-93.284097
-1.000000
--------93--------
44.918869
-93.277970
4.400000
--------94--------
44.919763
-93.278136
-1.000000
--------95--------
44.919449
-93.278342
-1.000000
--------96--------
44.919067
-93.278177
-1.000000
--------97--------
44.918825
-93.278350
-1.000000
--------98--------
44.917423
-93.278365
-1.000000
--------99--------
44.918444
-93.280905
-1.000000
--------100--------
44.919191
-93.277967
-1.000000
--------101--------
44.916397
-93.263035
-1.000000
--------102--------
44.918756
-93.263521
-1.000000
--------103--------
44.917059
-93.265603
-1.000000
--------104--------
44.916409
-93.262471
-1.000000
--------105--------
44.916326
-93.262468
-1.000000
--------106--------
44.916519
-93.262246
4.000000
--------107--------
44.919801
-93.251914
-1.000000
--------108--------
44.917022
-93.246941
-1.000000
--------109--------
44.917545
-93.247700
-1.000000
--------110--------
44.917106
-93.247733
4.200000
--------111--------
44.916528
-93.247728
-1.000000
--------112--------
44.917494
-93.247332
-1.000000
--------113--------
44.917647
-93.247689
-1.000000
--------114--------
44.916519
-93.250242
-1.000000
--------115--------
44.918536
-93.230500
-1.000000
--------116--------
44.917164
-93.226052
-1.000000
--------117--------
44.917273
-93.227614
-1.000000
--------118--------
44.919365
-93.215905
-1.000000
--------119--------
44.919884
-93.214204
2.000000
--------120--------
44.919294
-93.217740
-1.000000
--------121--------
44.919384
-93.215217
4.500000
--------122--------
44.919184
-93.210553
-1.000000
--------123--------
44.919963
-93.289229
-1.000000
--------124--------
44.921861
-93.289568
-1.000000
--------125--------
44.921390
-93.277871
-1.000000
--------126--------
44.921204
-93.277541
-1.000000
--------127--------
44.922088
-93.268575
-1.000000
--------128--------
44.923071
-93.262954
-1.000000
--------129--------
44.920438
-93.218590
3.600000
--------130--------
44.921170
-93.222814
-1.000000
--------131--------
44.922057
-93.219848
-1.000000
--------132--------
44.921162
-93.222813
-1.000000
--------133--------
44.921235
-93.222834
-1.000000
--------134--------
44.921314
-93.215534
-1.000000
--------135--------
44.923096
-93.217168
-1.000000
--------136--------
44.922194
-93.206729
-1.000000
--------137--------
44.923406
-93.216780
-1.000000
--------138--------
44.924869
-93.292644
-1.000000
--------139--------
44.923934
-93.293122
-1.000000
--------140--------
44.924974
-93.289840
-1.000000
--------141--------
44.924568
-93.290859
4.400000
--------142--------
44.926519
-93.290459
-1.000000
--------143--------
44.924151
-93.291210
-1.000000
--------144--------
44.927030
-93.284378
-1.000000
--------145--------
44.925159
-93.286633
-1.000000
--------146--------
44.927021
-93.284379
-1.000000
--------147--------
44.925599
-93.284778
-1.000000
--------148--------
44.924908
-93.278142
3.600000
--------149--------
44.924855
-93.278108
-1.000000
--------150--------
44.925251
-93.277904
-1.000000
--------151--------
44.926050
-93.278109
-1.000000
--------152--------
44.925594
-93.277808
-1.000000
--------153--------
44.924224
-93.277533
-1.000000
--------154--------
44.924366
-93.262134
-1.000000
--------155--------
44.924199
-93.263797
-1.000000
--------156--------
44.926075
-93.248240
-1.000000
--------157--------
44.926936
-93.246777
-1.000000
--------158--------
44.926250
-93.246931
-1.000000
--------159--------
44.926539
-93.232309
4.100000
--------160--------
44.926781
-93.232314
4.900000
--------161--------
44.927061
-93.231926
-1.000000
--------162--------
44.927069
-93.231777
-1.000000
--------163--------
44.925960
-93.229930
-1.000000
--------164--------
44.924064
-93.231199
-1.000000
--------165--------
44.926700
-93.231598
-1.000000
--------166--------
44.926520
-93.228198
-1.000000
--------167--------
44.924405
-93.223909
-1.000000
--------168--------
44.925340
-93.213138
-1.000000
--------169--------
44.924747
-93.218053
-1.000000
--------170--------
44.930551
-93.288431
-1.000000
--------171--------
44.930269
-93.287996
-1.000000
--------172--------
44.925659
-93.277531
-1.000000
--------173--------
44.930294
-93.253302
-1.000000
--------174--------
44.930391
-93.257068
-1.000000
--------175--------
44.930163
-93.264093
-1.000000
--------176--------
44.924384
-93.260374
-1.000000
--------177--------
44.929717
-93.253047
-1.000000
--------178--------
44.928424
-93.247710
4.300000
--------179--------
44.927467
-93.247103
-1.000000
--------180--------
44.927704
-93.246944
-1.000000
--------181--------
44.930635
-93.238617
-1.000000
--------182--------
44.927688
-93.247711
-1.000000
--------183--------
44.927177
-93.231257
-1.000000
--------184--------
44.929355
-93.224867
-1.000000
--------185--------
44.930031
-93.224170
-1.000000
--------186--------
44.929874
-93.221027
4.600000
--------187--------
44.930105
-93.221510
5.000000
--------188--------
44.927274
-93.218873
-1.000000
--------189--------
44.930650
-93.221225
-1.000000
--------190--------
44.928765
-93.210505
-1.000000
--------191--------
44.934092
-93.284015
-1.000000
--------192--------
44.932776
-93.284385
-1.000000
--------193--------
44.933908
-93.286580
-1.000000
--------194--------
44.933667
-93.277792
-1.000000
--------195--------
44.934010
-93.269919
-1.000000
--------196--------
44.923034
-93.277537
-1.000000
--------197--------
44.919968
-93.277544
-1.000000
--------198--------
44.922771
-93.278339
-1.000000
--------199--------
44.934000
-93.277800
-1.000000
--------200--------
44.928905
-93.282164
-1.000000
--------201--------
44.933406
-93.257834
-1.000000
--------202--------
44.932605
-93.257059
-1.000000
--------203--------
44.933586
-93.250783
-1.000000
--------204--------
44.933887
-93.247838
2.300000
--------205--------
44.933925
-93.246847
4.900000
--------206--------
44.933865
-93.247243
-1.000000
--------207--------
44.931126
-93.247723
-1.000000
--------208--------
44.933920
-93.239231
-1.000000
--------209--------
44.934012
-93.238220
3.800000
--------210--------
44.933911
-93.236262
-1.000000
--------211--------
44.934101
-93.234660
-1.000000
--------212--------
44.933941
-93.237562
-1.000000
--------213--------
44.933461
-93.226648
2.000000
--------214--------
44.933193
-93.226268
-1.000000
--------215--------
44.932200
-93.225590
-1.000000
--------216--------
44.930858
-93.222053
-1.000000
--------217--------
44.933578
-93.212376
-1.000000
--------218--------
44.932190
-93.221971
-1.000000
--------219--------
44.933470
-93.206761
-1.000000
--------220--------
44.933997
-93.223240
-1.000000
--------221--------
44.933962
-93.212436
-1.000000
--------222--------
44.933909
-93.212377
-1.000000
--------223--------
44.932282
-93.212924
-1.000000
--------224--------
44.937800
-93.289700
-1.000000
--------225--------
44.937600
-93.290963
4.800000
--------226--------
44.937729
-93.290652
-1.000000
--------227--------
44.936469
-93.287792
-1.000000
--------228--------
44.934306
-93.285066
-1.000000
--------229--------
44.935727
-93.286028
-1.000000
--------230--------
44.934735
-93.278213
-1.000000
--------231--------
44.934402
-93.277785
-1.000000
--------232--------
44.934682
-93.277512
-1.000000
--------233--------
44.934395
-93.277917
-1.000000
--------234--------
44.934337
-93.266997
-1.000000
--------235--------
44.936725
-93.268857
-1.000000
--------236--------
44.934084
-93.277533
-1.000000
--------237--------
44.934334
-93.262808
-1.000000
--------238--------
44.934237
-93.262306
5.000000
--------239--------
44.936722
-93.253716
-1.000000
--------240--------
44.934335
-93.261770
-1.000000
--------241--------
44.934416
-93.252382
-1.000000
--------242--------
44.934369
-93.252197
-1.000000
--------243--------
44.934313
-93.252264
-1.000000
--------244--------
44.936167
-93.246956
-1.000000
--------245--------
44.934352
-93.246473
-1.000000
--------246--------
44.934373
-93.224415
-1.000000
--------247--------
44.936344
-93.227642
-1.000000
--------248--------
44.935018
-93.227675
-1.000000
--------249--------
44.932035
-93.221881
-1.000000
--------250--------
44.934546
-93.223965
-1.000000
--------251--------
44.931980
-93.222287
-1.000000
--------252--------
44.937908
-93.298082
-1.000000
--------253--------
44.939240
-93.298352
-1.000000
--------254--------
44.939480
-93.293525
-1.000000
--------255--------
44.941310
-93.288406
3.400000
--------256--------
44.941012
-93.288203
-1.000000
--------257--------
44.937810
-93.291108
4.400000
--------258--------
44.937850
-93.288087
-1.000000
--------259--------
44.941289
-93.288622
-1.000000
--------260--------
44.938046
-93.284343
4.400000
--------261--------
44.938809
-93.285977
-1.000000
--------262--------
44.938205
-93.283038
-1.000000
--------263--------
44.938549
-93.284689
-1.000000
--------264--------
44.940746
-93.280920
-1.000000
--------265--------
44.939372
-93.278247
-1.000000
--------266--------
44.939545
-93.277901
5.000000
--------267--------
44.941198
-93.277828
-1.000000
--------268--------
44.938750
-93.278031
-1.000000
--------269--------
44.938162
-93.277445
2.200000
--------270--------
44.939709
-93.262943
5.000000
--------271--------
44.939187
-93.278122
-1.000000
--------272--------
44.939534
-93.262524
-1.000000
--------273--------
44.939716
-93.259485
-1.000000
--------274--------
44.939309
-93.262714
-1.000000
--------275--------
44.939803
-93.253334
-1.000000
--------276--------
44.937993
-93.253328
-1.000000
--------277--------
44.941261
-93.252642
-1.000000
--------278--------
44.939636
-93.251910
-1.000000
--------279--------
44.941144
-93.247576
-1.000000
--------280--------
44.939927
-93.246975
-1.000000
--------281--------
44.938023
-93.246963
-1.000000
--------282--------
44.938012
-93.247745
-1.000000
--------283--------
44.938543
-93.228853
-1.000000
--------284--------
44.938434
-93.228795
-1.000000
--------285--------
44.939780
-93.231949
-1.000000
--------286--------
44.939258
-93.227350
-1.000000
--------287--------
44.941334
-93.212350
-1.000000
--------288--------
44.939643
-93.227695
-1.000000
--------289--------
44.938809
-93.206087
-1.000000
--------290--------
44.941868
-93.298559
4.100000
--------291--------
44.944932
-93.298335
-1.000000
--------292--------
44.944899
-93.298212
-1.000000
--------293--------
44.944981
-93.298191
4.300000
--------294--------
44.943003
-93.298210
-1.000000
--------295--------
44.943166
-93.298314
-1.000000
--------296--------
44.943130
-93.288490
-1.000000
--------297--------
44.944110
-93.289782
-1.000000
--------298--------
44.942608
-93.291609
-1.000000
--------299--------
44.942440
-93.286514
-1.000000
--------300--------
44.943022
-93.270610
-1.000000
--------301--------
44.943291
-93.277539
-1.000000
--------302--------
44.943053
-93.262744
-1.000000
--------303--------
44.941736
-93.253377
-1.000000
--------304--------
44.944829
-93.262451
-1.000000
--------305--------
44.939802
-93.252350
-1.000000
--------306--------
44.939553
-93.246975
-1.000000
--------307--------
44.944013
-93.233044
2.300000
--------308--------
44.943801
-93.232885
-1.000000
--------309--------
44.942700
-93.232416
-1.000000
--------310--------
44.943136
-93.230964
-1.000000
--------311--------
44.943009
-93.232479
-1.000000
--------312--------
44.943842
-93.213648
-1.000000
--------313--------
44.943971
-93.220463
-1.000000
--------314--------
44.941642
-93.230608
-1.000000
--------315--------
44.944218
-93.233031
-1.000000
--------316--------
44.941480
-93.212692
-1.000000
--------317--------
44.944780
-93.211770
-1.000000
--------318--------
44.943074
-93.219488
-1.000000
--------319--------
44.941493
-93.212675
-1.000000
--------320--------
44.942856
-93.212347
-1.000000
--------321--------
44.947465
-93.297170
3.600000
--------322--------
44.946952
-93.298460
3.700000
--------323--------
44.948471
-93.296102
4.500000
--------324--------
44.947114
-93.298189
3.600000
--------325--------
44.948063
-93.298535
3.300000
--------326--------
44.947738
-93.298329
3.700000
--------327--------
44.948285
-93.299258
3.300000
--------328--------
44.947456
-93.298348
-1.000000
--------329--------
44.948194
-93.298089
-1.000000
--------330--------
44.948378
-93.299575
3.800000
--------331--------
44.948227
-93.292986
3.000000
--------332--------
44.948271
-93.299065
3.300000
--------333--------
44.947124
-93.298661
3.700000
--------334--------
44.947955
-93.298653
-1.000000
--------335--------
44.948564
-93.301027
-1.000000
--------336--------
44.948497
-93.288698
4.100000
--------337--------
44.947917
-93.288309
4.200000
--------338--------
44.948406
-93.288527
-1.000000
--------339--------
44.948038
-93.288265
4.000000
--------340--------
44.947774
-93.288007
3.900000
--------341--------
44.948313
-93.290686
2.800000
--------342--------
44.948274
-93.289203
-1.000000
--------343--------
44.948283
-93.283187
4.700000
--------344--------
44.948349
-93.284378
5.000000
--------345--------
44.948065
-93.284814
-1.000000
--------346--------
44.947921
-93.277305
2.700000
--------347--------
44.948122
-93.288820
4.400000
--------348--------
44.948067
-93.286052
-1.000000
--------349--------
44.948224
-93.275915
-1.000000
--------350--------
44.948503
-93.281700
-1.000000
--------351--------
44.948209
-93.277778
-1.000000
--------352--------
44.948026
-93.288113
-1.000000
--------353--------
44.947918
-93.277950
-1.000000
--------354--------
44.948403
-93.288191
2.500000
--------355--------
44.948209
-93.277779
-1.000000
--------356--------
44.948356
-93.263134
-1.000000
--------357--------
44.948400
-93.264900
1.900000
--------358--------
44.948249
-93.265654
1.900000
--------359--------
44.947955
-93.277950
-1.000000
--------360--------
44.948260
-93.271392
-1.000000
--------361--------
44.948525
-93.261038
4.800000
--------362--------
44.948138
-93.261647
3.700000
--------363--------
44.948506
-93.260740
4.100000
--------364--------
44.948508
-93.260757
-1.000000
--------365--------
44.948508
-93.260756
-1.000000
--------366--------
44.948473
-93.262216
-1.000000
--------367--------
44.948373
-93.254045
4.900000
--------368--------
44.948285
-93.268756
-1.000000
--------369--------
44.948136
-93.269913
-1.000000
--------370--------
44.948534
-93.260772
-1.000000
--------371--------
44.948088
-93.251073
-1.000000
--------372--------
44.948504
-93.251924
-1.000000
--------373--------
44.948251
-93.250251
-1.000000
--------374--------
44.948334
-93.253039
-1.000000
--------375--------
44.948376
-93.242283
4.800000
--------376--------
44.948443
-93.241065
-1.000000
--------377--------
44.948445
-93.240072
-1.000000
--------378--------
44.948495
-93.252012
-1.000000
--------379--------
44.948548
-93.251361
-1.000000
--------380--------
44.948258
-93.254630
-1.000000
--------381--------
44.948462
-93.249689
-1.000000
--------382--------
44.947191
-93.233626
-1.000000
--------383--------
44.948139
-93.233717
-1.000000
--------384--------
44.948556
-93.229073
-1.000000
--------385--------
44.947040
-93.232577
-1.000000
--------386--------
44.948363
-93.229978
-1.000000
--------387--------
44.948256
-93.224215
3.400000
--------388--------
44.948093
-93.225393
-1.000000
--------389--------
44.948183
-93.224044
-1.000000
--------390--------
44.948378
-93.228389
-1.000000
--------391--------
44.945185
-93.220024
-1.000000
--------392--------
44.948515
-93.222294
-1.000000
--------393--------
44.948064
-93.220076
4.200000
--------394--------
44.948236
-93.220590
2.300000
--------395--------
44.948429
-93.219423
-1.000000
--------396--------
44.948326
-93.216942
-1.000000
--------397--------
44.948252
-93.218096
-1.000000
--------398--------
44.948521
-93.212376
-1.000000
--------399--------
44.948567
-93.210603
-1.000000
--------400--------
44.948528
-93.206255
-1.000000
--------401--------
44.948190
-93.219946
-1.000000
--------402--------
44.948343
-93.217828
-1.000000
--------403--------
44.948080
-93.217577
-1.000000
--------404--------
44.947619
-93.213644
-1.000000
--------405--------
44.946252
-93.210431
-1.000000
--------406--------
44.949440
-93.293702
2.200000
--------407--------
44.948600
-93.298237
2.600000
--------408--------
44.952149
-93.298720
4.900000
--------409--------
44.950916
-93.298072
2.700000
--------410--------
44.949560
-93.287883
4.400000
--------411--------
44.949043
-93.288313
4.800000
--------412--------
44.948771
-93.288320
-1.000000
--------413--------
44.949296
-93.277768
1.900000
--------414--------
44.949004
-93.285925
-1.000000
--------415--------
44.950088
-93.263052
4.800000
--------416--------
44.949217
-93.263050
-1.000000
--------417--------
44.949388
-93.279110
-1.000000
--------418--------
44.950652
-93.263044
-1.000000
--------419--------
44.949291
-93.261191
4.300000
--------420--------
44.950327
-93.260740
4.800000
--------421--------
44.950069
-93.262800
-1.000000
--------422--------
44.948889
-93.257476
-1.000000
--------423--------
44.950003
-93.255090
-1.000000
--------424--------
44.948638
-93.259546
-1.000000
--------425--------
44.949829
-93.241031
2.500000
--------426--------
44.950676
-93.256206
-1.000000
--------427--------
44.949905
-93.256662
-1.000000
--------428--------
44.948784
-93.240631
-1.000000
--------429--------
44.952150
-93.243649
-1.000000
--------430--------
44.951475
-93.235750
3.000000
--------431--------
44.949397
-93.237072
2.300000
--------432--------
44.950567
-93.237338
-1.000000
--------433--------
44.949550
-93.236916
-1.000000
--------434--------
44.951677
-93.237392
-1.000000
--------435--------
44.948769
-93.233908
-1.000000
--------436--------
44.951504
-93.235672
-1.000000
--------437--------
44.950808
-93.237507
-1.000000
--------438--------
44.949526
-93.233049
2.300000
--------439--------
44.951994
-93.228032
-1.000000
--------440--------
44.948632
-93.215758
3.400000
--------441--------
44.948645
-93.212356
-1.000000
--------442--------
44.952180
-93.220641
-1.000000
--------443--------
44.949099
-93.219465
-1.000000
--------444--------
44.950708
-93.213655
-1.000000
--------445--------
44.948604
-93.218059
-1.000000
--------446--------
44.954010
-93.297288
3.600000
--------447--------
44.953953
-93.297889
3.600000
--------448--------
44.954428
-93.297539
3.700000
--------449--------
44.952915
-93.287912
3.500000
--------450--------
44.952981
-93.277616
4.300000
--------451--------
44.953009
-93.288297
2.700000
--------452--------
44.955673
-93.287180
-1.000000
--------453--------
44.953167
-93.288483
3.800000
--------454--------
44.955649
-93.287959
3.400000
--------455--------
44.953476
-93.287847
3.300000
--------456--------
44.953322
-93.278073
4.600000
--------457--------
44.955168
-93.265412
4.200000
--------458--------
44.955406
-93.276801
-1.000000
--------459--------
44.954975
-93.238987
-1.000000
--------460--------
44.953227
-93.251527
-1.000000
--------461--------
44.949547
-93.241533
-1.000000
--------462--------
44.954309
-93.252290
-1.000000
--------463--------
44.952311
-93.236014
-1.000000
--------464--------
44.954955
-93.234519
-1.000000
--------465--------
44.953131
-93.234977
-1.000000
--------466--------
44.953276
-93.236740
-1.000000
--------467--------
44.952723
-93.234631
-1.000000
--------468--------
44.954908
-93.233032
-1.000000
--------469--------
44.954404
-93.214028
-1.000000
--------470--------
44.955521
-93.207322
-1.000000
--------471--------
44.958618
-93.294428
4.300000
--------472--------
44.958015
-93.295877
3.400000
--------473--------
44.958898
-93.288013
-1.000000
--------474--------
44.957288
-93.275280
-1.000000
--------475--------
44.958826
-93.287872
3.000000
--------476--------
44.956437
-93.277997
4.800000
--------477--------
44.956236
-93.278070
4.200000
--------478--------
44.957891
-93.252737
-1.000000
--------479--------
44.958094
-93.242389
4.600000
--------480--------
44.957156
-93.233217
-1.000000
--------481--------
44.955549
-93.232560
-1.000000
--------482--------
44.948858
-93.298430
3.800000
--------483--------
44.948602
-93.294704
2.400000
--------484--------
44.951374
-93.297866
-1.000000
--------485--------
44.958905
-93.294706
2.800000
--------486--------
44.957601
-93.294986
-1.000000
--------487--------
44.948739
-93.298158
-1.000000
--------488--------
44.958178
-93.295968
2.500000
--------489--------
44.950897
-93.298130
4.800000
--------490--------
44.962609
-93.292420
3.500000
--------491--------
44.961630
-93.288182
-1.000000
--------492--------
44.962625
-93.277753
2.000000
--------493--------
44.960699
-93.293066
3.600000
--------494--------
44.960760
-93.293050
-1.000000
--------495--------
44.962609
-93.270385
4.500000
--------496--------
44.960173
-93.288100
-1.000000
--------497--------
44.961059
-93.288182
2.700000
--------498--------
44.961782
-93.277964
-1.000000
--------499--------
44.952091
-93.278113
-1.000000
--------500--------
44.948988
-93.263051
-1.000000
--------501--------
44.962133
-93.278035
3.300000
--------502--------
44.962224
-93.279105
-1.000000
--------503--------
44.962839
-93.258423
3.500000
--------504--------
44.962759
-93.258129
3.000000
--------505--------
44.962265
-93.255353
4.400000
--------506--------
44.952479
-93.261961
-1.000000
--------507--------
44.961297
-93.246802
-1.000000
--------508--------
44.959365
-93.242623
4.600000
--------509--------
44.962594
-93.239959
2.300000
--------510--------
44.962399
-93.240795
4.800000
--------511--------
44.962692
-93.256930
-1.000000
--------512--------
44.962865
-93.233417
2.200000
--------513--------
44.962656
-93.230283
4.700000
--------514--------
44.962690
-93.229613
-1.000000
--------515--------
44.962673
-93.230269
5.000000
--------516--------
44.961975
-93.214974
-1.000000
--------517--------
44.954473
-93.232963
-1.000000
--------518--------
44.952195
-93.231568
-1.000000
--------519--------
44.952599
-93.227192
-1.000000
--------520--------
44.951994
-93.221533
-1.000000
--------521--------
44.958824
-93.221341
-1.000000
--------522--------
44.959677
-93.222739
-1.000000
--------523--------
44.948554
-93.219639
-1.000000
--------524--------
44.962890
-93.206849
-1.000000
--------525--------
44.960719
-93.206151
-1.000000
--------526--------
44.958468
-93.294546
3.800000
--------527--------
44.952914
-93.298468
4.400000
--------528--------
44.959906
-93.293470
4.400000
--------529--------
44.952456
-93.297675
-1.000000
--------530--------
44.955460
-93.296387
-1.000000
--------531--------
44.957692
-93.295646
-1.000000
--------532--------
44.965273
-93.278220
3.800000
--------533--------
44.962962
-93.279729
5.000000
--------534--------
44.963610
-93.290818
4.300000
--------535--------
44.964871
-93.277834
-1.000000
--------536--------
44.956915
-93.278200
-1.000000
--------537--------
44.959961
-93.264313
-1.000000
--------538--------
44.956795
-93.274621
-1.000000
--------539--------
44.963141
-93.262571
3.600000
--------540--------
44.955845
-93.261854
-1.000000
--------541--------
44.962218
-93.256162
-1.000000
--------542--------
44.962565
-93.257409
-1.000000
--------543--------
44.962691
-93.254155
-1.000000
--------544--------
44.957085
-93.262960
-1.000000
--------545--------
44.962410
-93.273000
-1.000000
--------546--------
44.959712
-93.259914
-1.000000
--------547--------
44.956627
-93.261846
-1.000000
--------548--------
44.953783
-93.269855
-1.000000
--------549--------
44.963265
-93.252467
-1.000000
--------550--------
44.957563
-93.252329
-1.000000
--------551--------
44.963705
-93.246160
4.200000
--------552--------
44.962967
-93.241844
3.000000
--------553--------
44.963533
-93.240766
-1.000000
--------554--------
44.962951
-93.233387
4.200000
--------555--------
44.963025
-93.236898
-1.000000
--------556--------
44.964853
-93.235908
-1.000000
--------557--------
44.965438
-93.235603
3.200000
--------558--------
44.962744
-93.238246
-1.000000
--------559--------
44.965001
-93.220334
-1.000000
--------560--------
44.956870
-93.234379
-1.000000
--------561--------
44.962971
-93.227366
-1.000000
--------562--------
44.953789
-93.232297
-1.000000
--------563--------
44.962669
-93.233765
-1.000000
--------564--------
44.963388
-93.213118
-1.000000
--------565--------
44.966134
-93.210626
-1.000000
--------566--------
44.965527
-93.206366
-1.000000
--------567--------
44.963004
-93.205388
-1.000000
--------568--------
44.965754
-93.204212
-1.000000
--------569--------
44.966973
-93.299066
-1.000000
--------570--------
44.959587
-93.293552
1.900000
--------571--------
44.957688
-93.294970
-1.000000
--------572--------
44.957427
-93.295204
-1.000000
--------573--------
44.959370
-93.293090
-1.000000
--------574--------
44.957204
-93.295367
-1.000000
--------575--------
44.958843
-93.292825
-1.000000
--------576--------
44.968996
-93.288227
4.400000
--------577--------
44.969619
-93.279613
2.000000
--------578--------
44.967386
-93.278031
2.000000
--------579--------
44.961556
-93.288182
-1.000000
--------580--------
44.966639
-93.281884
4.600000
--------581--------
44.969836
-93.279793
-1.000000
--------582--------
44.967680
-93.278216
5.000000
--------583--------
44.967512
-93.277785
-1.000000
--------584--------
44.967009
-93.262958
-1.000000
--------585--------
44.968912
-93.267670
-1.000000
--------586--------
44.966597
-93.262102
-1.000000
--------587--------
44.968040
-93.246466
3.900000
--------588--------
44.969832
-93.247140
4.200000
--------589--------
44.968065
-93.247185
-1.000000
--------590--------
44.969367
-93.247090
-1.000000
--------591--------
44.969638
-93.242336
-1.000000
--------592--------
44.967370
-93.240529
-1.000000
--------593--------
44.967512
-93.238092
-1.000000
--------594--------
44.966998
-93.237021
-1.000000
--------595--------
44.960413
-93.243006
-1.000000
--------596--------
44.962596
-93.238199
-1.000000
--------597--------
44.960589
-93.229580
-1.000000
--------598--------
44.962672
-93.233763
-1.000000
--------599--------
44.966588
-93.214228
-1.000000
--------600--------
44.968329
-93.210043
-1.000000
--------601--------
44.969043
-93.211320
-1.000000
--------602--------
44.968696
-93.208620
2.800000
--------603--------
44.968204
-93.208721
-1.000000
--------604--------
44.967660
-93.211320
-1.000000
--------605--------
44.969004
-93.208816
-1.000000
--------606--------
44.967071
-93.204293
-1.000000
--------607--------
44.967736
-93.206023
-1.000000
--------608--------
44.966116
-93.295997
-1.000000
--------609--------
44.968601
-93.297357
-1.000000
--------610--------
44.967503
-93.290402
-1.000000
--------611--------
44.960589
-93.288438
-1.000000
--------612--------
44.962374
-93.288203
-1.000000
--------613--------
44.960001
-93.287600
-1.000000
--------614--------
44.960551
-93.287910
-1.000000
--------615--------
44.966386
-93.288614
-1.000000
--------616--------
44.966355
-93.288623
-1.000000
--------617--------
44.963483
-93.287633
-1.000000
--------618--------
44.967737
-93.285458
-1.000000
--------619--------
44.963720
-93.286640
-1.000000
